N,mode,build_ms,query_ms,ns_per_ray,rays,mismatches
10,linear-scan,0,0.313639,72.2005,4344,0
10,scene-bvh,0.003542,0.126764,29.1814,4344,0
25,linear-scan,0,0.638236,146.924,4344,0
25,scene-bvh,0.0085,0.146111,33.6352,4344,0
50,linear-scan,0,1.14626,263.873,4344,0
50,scene-bvh,0.016125,0.187764,43.2238,4344,0
100,linear-scan,0,1.96994,453.486,4344,0
100,scene-bvh,0.039667,0.183014,42.1302,4344,0
200,linear-scan,0,3.85507,887.447,4344,0
200,scene-bvh,0.080916,0.205153,47.2267,4344,0
400,linear-scan,0,8.57449,1973.87,4344,0
400,scene-bvh,0.128042,0.244986,56.3965,4344,0
800,linear-scan,0,20.2497,4661.54,4344,0
800,scene-bvh,0.272792,0.290875,66.9602,4344,0
1600,linear-scan,0,44.7742,10307.1,4344,0
1600,scene-bvh,0.578541,0.375681,86.4827,4344,0
3200,linear-scan,0,95.2946,21937.1,4344,0
3200,scene-bvh,1.34925,0.40925,94.2104,4344,0
